-1.0 0.0
-0.9487179487179487 0.31612379502405014
-0.8974358974358975 0.4411448854893654
-0.8461538461538461 0.532938710021193
-0.7948717948717949 0.6067774136512426
-0.7435897435897436 0.6686361441233485
-0.6923076923076923 0.7216024245882199
-0.641025641025641 0.767519463953629
-0.5897435897435898 0.8075905511806986
-0.5384615384615385 0.8426500884694862
-0.4871794871794872 0.8733018649193026
-0.4358974358974359 0.899996347424833
-0.3846153846153846 0.9230769230769231
-0.33333333333333337 0.9428090415820634
-0.28205128205128205 0.9593993299420362
-0.23076923076923084 0.9730085108210398
-0.17948717948717952 0.983760312474404
-0.1282051282051282 0.9917476720930111
-0.07692307692307698 0.9970370305242862
-0.02564102564102566 0.9996712148522015
0.02564102564102555 0.9996712148522015
0.07692307692307687 0.9970370305242862
0.1282051282051282 0.9917476720930111
0.17948717948717952 0.983760312474404
0.23076923076923084 0.9730085108210398
0.28205128205128194 0.9593993299420364
0.33333333333333326 0.9428090415820634
0.3846153846153846 0.9230769230769231
0.4358974358974359 0.899996347424833
0.4871794871794872 0.8733018649193026
0.5384615384615383 0.8426500884694864
0.5897435897435896 0.8075905511806986
0.641025641025641 0.767519463953629
0.6923076923076923 0.7216024245882199
0.7435897435897436 0.6686361441233485
0.7948717948717947 0.6067774136512429
0.846153846153846 0.5329387100211932
0.8974358974358974 0.4411448854893657
0.9487179487179487 0.31612379502405014
1.0 0.0
