-2.0 0.0
-1.8974358974358974 0.6322475900481003
-1.794871794871795 0.8822897709787308
-1.6923076923076923 1.065877420042386
-1.5897435897435899 1.2135548273024852
-1.4871794871794872 1.337272288246697
-1.3846153846153846 1.4432048491764398
-1.282051282051282 1.535038927907258
-1.1794871794871795 1.6151811023613971
-1.076923076923077 1.6853001769389724
-0.9743589743589745 1.7466037298386052
-0.8717948717948718 1.799992694849666
-0.7692307692307692 1.8461538461538463
-0.6666666666666667 1.8856180831641267
-0.5641025641025641 1.9187986598840725
-0.4615384615384617 1.9460170216420796
-0.35897435897435903 1.967520624948808
-0.2564102564102564 1.9834953441860221
-0.15384615384615397 1.9940740610485723
-0.05128205128205132 1.999342429704403
0.0512820512820511 1.999342429704403
0.15384615384615374 1.9940740610485723
0.2564102564102564 1.9834953441860221
0.35897435897435903 1.967520624948808
0.4615384615384617 1.9460170216420796
0.5641025641025639 1.9187986598840727
0.6666666666666665 1.8856180831641267
0.7692307692307692 1.8461538461538463
0.8717948717948718 1.799992694849666
0.9743589743589745 1.7466037298386052
1.0769230769230766 1.6853001769389728
1.1794871794871793 1.6151811023613971
1.282051282051282 1.535038927907258
1.3846153846153846 1.4432048491764398
1.4871794871794872 1.337272288246697
1.5897435897435894 1.2135548273024859
1.692307692307692 1.0658774200423864
1.7948717948717947 0.8822897709787314
1.8974358974358974 0.6322475900481003
2.0 0.0
